10002 480105 873231 908310 615804 256950 606384 508860 812599 278254 475998 769020 422387
10004 672551 856599 362823 320051 855679 941613 447592 847382 486097 755033 681215 944819
10006 907634 276771 682667 877110 449764 785362 591028 419460 837096 628761 675664 673048
10008 989222 502044 341139 310263 911251 638226 961846 677037 269058 398378 392923 725100
10010 442289 615696 500296 901485 718712 782633 705789 273713 481483 845206 560233 728344
10012 967388 848139 324958 550712 875366 309746 996957 486916 737949 920948 792042 727500
10014 962392 864160 374282 515753 454078 258970 414130 659502 334695 386963 920181 694788
10016 506283 369632 776729 747642 281156 255959 269571 702489 578718 365600 750491 864383
10018 792436 412835 868130 340937 379724 814542 490777 418972 736880 560293 550022 717311
10020 280463 900587 410385 516172 528324 699481 316875 897012 482329 792892 404439 364160
10022 492771 561753 423048 591868 600243 906609 900868 793464 734733 429598 749159 257503
10024 733637 281590 824262 827798 416806 676518 583032 840995 788228 922190 355216 379781
10026 473553 662243 338997 624540 389067 739141 260520 915091 368500 281094 835367 333063
10028 455904 255218 381809 361139 386633 489237 337940 385904 622973 607450 650819 306608
10030 753844 934933 295092 814228 491829 270626 341850 985541 279302 600051 579656 840915
10032 515658 886360 844122 998444 717253 967269 805384 385010 479232 592895 865649 720622
10034 959348 654735 839285 639184 533033 690391 905795 677398 797351 297751 322626 407894
10036 898292 508567 971003 692616 373661 764133 940870 357102 315192 802891 710515 608613
10038 478884 530115 317057 920854 330816 673802 526958 632405 868693 551066 912322 508675
10040 568098 460260 329048 825006 789601 814221 391837 359995 549520 982956 691619 505983
10042 490872 969357 760837 739009 823700 668401 779200 346201 350581 570046 706556 378831
10044 311688 358388 679737 984703 505540 501909 764982 480148 588622 753334 432263 467030
10046 658075 424658 274957 895959 338251 589689 688983 600752 667107 480399 269856 889442
10048 407237 664453 315849 755083 638590 900480 474542 389664 491500 687108 820275 302303
10050 382772 731473 548253 529463 367732 463228 904722 521864 691268 765429 951712 907161
10052 733790 462523 454592 584630 967011 557337 970713 630462 355419 581682 729290 287948
10054 343284 792691 996275 806828 642472 396611 356982 299511 551250 794762 501337 774786
10056 675058 632677 381341 931585 314957 279410 434271 892146 710901 421872 506434 294076
10058 708580 527451 584989 937695 487226 938834 993172 891967 418487 692107 542953 754539
10060 867460 667783 880709 834447 437760 511279 606140 799801 682740 938524 419984 479592
10062 275496 920264 451413 855061 958420 456182 322052 559405 870070 428500 844479 473269
10064 376370 812311 984782 834856 697451 533156 621182 722937 950191 309299 668778 638791
10066 805893 730992 520061 594546 321725 857791 786376 604408 507298 725415 395990 874119
10068 564151 455594 671518 994747 837883 872315 868121 661769 413550 958806 628227 964948
10070 283719 554926 657471 436984 782864 443309 545673 361929 476025 459903 689850 299980
10072 598869 518335 491169 853603 615695 746621 730574 410516 377864 301625 485892 925354
10074 302570 354745 436624 856668 627572 491556 368991 763779 998416 935878 828811 707593
10076 549595 265734 647204 342318 279243 352364 513995 496859 511802 947349 696902 310109
10078 914720 464376 443550 783752 857228 546188 539682 503093 525869 423298 885186 386120
10080 838275 845330 426341 652902 502456 847564 644565 584885 820992 663960 852409 746110
10082 670418 303894 263930 416328 476451 605653 865719 306962 357952 677940 930973 942760
10084 978883 452564 910396 341681 910718 688131 744470 869297 907591 312777 987131 806721
10086 251703 800518 258588 453196 672569 492046 260255 916864 966764 866332 597763 910672
10088 277544 617516 944342 592222 563665 845694 392684 334026 735648 251080 736821 825172
10090 725532 833275 297016 576026 528939 641094 723516 830445 522452 306715 649014 799316
10092 752172 850749 316495 916361 869233 956112 844780 933821 318906 254955 383902 251809
10094 739888 745567 316377 589925 785789 831562 408816 943626 602425 844258 777589 683259
10096 758442 519775 878687 767482 574400 507408 725707 504654 834139 715067 984071 501967
10098 456933 399200 266077 794265 774740 643968 496303 359307 627527 597124 751310 438343
10100 404360 555353 371706 262450 334828 432584 395533 324631 298829 703563 641873 435414
10102 458983 927157 739067 550116 676778 388030 818165 260531 559712 940309 306896 954077
10104 808095 589802 961309 764800 278116 791599 469713 552108 827108 490577 943887 743341
10106 389104 853425 863118 314118 336774 342341 824378 853437 981000 414629 404080 936313
10108 396394 321004 522277 925945 776747 815159 591356 475807 937527 388972 995901 974922
10110 518569 943617 334237 479310 704903 562045 486054 356316 945596 470167 705539 853337
10112 643421 613852 484390 686652 839546 924602 255906 630437 959929 531112 612470 393215
10114 860949 448733 702018 477324 933127 489209 731426 523699 587369 797130 724456 380006
10116 577587 919291 997319 673218 839867 757105 471729 838438 999096 401368 858632 938855
10118 310571 580147 605006 897331 500846 274258 390059 296939 724974 349147 860671 711619
10120 847148 782569 474048 930658 307282 938744 268008 835761 631470 774305 940014 370175
10122 839928 967599 448043 571943 905630 320512 476842 660983 805893 946659 396546 519735
10124 810090 717399 720015 979732 675451 382536 982386 552350 279075 874021 661364 606134
10126 278930 894039 252621 539491 893692 861747 969738 921785 793434 856601 959188 893701
10128 366659 868528 572311 279033 506257 635703 360072 790180 823415 397653 980196 636938
10130 807272 668192 796396 627717 958328 282538 600256 968134 916970 427949 432864 624584
10132 621769 256620 620577 507490 291691 926252 794314 895648 796425 494364 921039 564131
10134 673442 886686 432896 639094 724978 376492 882421 890286 589262 290666 425319 916219
10136 662467 351502 310971 527090 753945 989022 750874 370167 680472 331104 391576 345958
10138 509132 497296 609766 670517 341109 629978 783968 326980 983379 635991 512702 898352
10140 349447 645917 876115 944347 652051 689125 270705 648941 374789 517800 416542 331220
10142 258984 396968 372057 908173 494160 348289 360860 686766 882714 533554 575942 602446
10144 950617 357552 279156 858267 564985 528538 991288 822161 549868 571247 593703 536251
10146 886659 971426 542723 844858 304715 725932 341939 642173 796956 894037 591554 792963
10148 594129 293177 444708 664823 828809 911815 691746 805638 627657 380841 812498 631701
10150 267413 536662 407601 612353 621403 870771 472349 671243 544808 397189 270046 777084
10152 777128 777373 371435 699180 808017 564595 813890 833948 588436 627219 979005 882378
10154 339551 726197 404040 481251 705361 765819 341371 601871 368750 656216 381839 434843
10156 572558 772803 359187 388379 585117 679484 492125 934366 577564 524471 321140 964417
10158 724817 359009 260344 493369 744868 843529 345071 687409 314470 944851 650603 643124
10160 945804 269303 457702 260611 391105 940753 871693 917060 567001 499772 495008 678040
10162 607449 779055 490289 872913 849624 843272 599738 418040 653093 737110 536510 285332
10164 782568 489450 399678 549371 894654 291976 337477 397246 510787 917089 527758 335488
10166 447609 509582 253724 318030 387253 928764 615967 711869 397909 273921 597304 792703
10168 380869 343439 647658 398587 838768 894531 523649 459145 924333 644621 795075 944909
10170 809860 942882 973017 414174 605865 698411 492926 481981 677542 562574 365908 947445
10172 818814 454467 970027 992816 624071 666450 736867 919563 581279 263244 428897 862855
10174 831536 644528 620320 916353 689018 486555 485260 987211 334158 317237 371033 730530
10176 605411 257104 501266 598422 304198 803925 742310 373247 625257 437653 548426 790155
10178 264919 865574 355363 930206 552723 977402 825939 498529 529650 813021 446422 854748
10180 406495 323714 832482 840489 778032 800501 866647 267341 739471 538199 502505 924537
10182 532423 565493 666926 546305 605694 347417 316191 553023 856846 770068 534397 913003
10184 396857 273352 975097 605863 894151 434252 883466 715959 623222 937754 925699 864108
10186 913093 300388 951808 376894 942439 658738 580806 257237 297216 952986 501171 763378
10188 834420 625289 645325 894630 967284 469868 658200 675604 427936 428232 371491 596916
10190 885535 976477 845443 325345 300996 268757 725488 696890 686422 452373 600293 771904
10192 719995 593278 645572 745266 870097 681858 680159 889220 733920 739896 344099 809075
10194 972797 519797 392480 307883 815409 703133 641974 972614 687293 978095 916712 264272
10196 426438 568743 588028 871990 385261 374895 876440 256319 485320 678757 991316 436885
10198 378626 856912 900661 431435 532562 909026 626804 668495 684367 303745 499519 446090
10200 379211 555743 811324 716672 420790 918007 435920 788828 991184 267447 949059 866207