10003 901375 834512 271474 808457 944563 791395 952768 469481 778052 278479 445810 627457
10005 340693 339409 715861 380765 886217 693063 761741 702685 290604 689273 914906 848913
10007 261730 983224 277797 752495 407199 357078 731664 621849 338643 609125 271947 342583
10009 753005 918503 614926 367283 781452 733716 717680 816346 627855 490565 876772 707140
10011 957478 635161 323251 851245 402665 333789 330736 400588 401294 897718 423407 293121
10013 772792 565249 704841 459746 866852 414373 575190 334280 603286 419940 667119 400042
10015 427744 384227 735999 732282 485446 657080 612559 637267 261594 307755 876629 750891
10017 827221 852498 695033 702463 680712 705505 806364 618366 758132 406704 967365 355909
10019 444434 774739 531506 313014 390781 917314 694461 311051 796770 462137 292834 453504
10021 284289 837465 545636 850523 551749 974746 271578 283055 497527 517786 759943 672305
10023 773398 252820 812111 432032 385925 958218 927121 871803 411818 387125 634076 659532
10025 339650 938985 527539 563568 981288 864110 866373 513855 882101 575915 759033 413568
10027 545760 508519 343459 392753 817367 624227 892704 787364 277083 410790 631763 609693
10029 761715 539296 687484 843859 866917 443173 701298 700036 724750 565169 270743 538235
10031 362767 739213 694287 691741 305587 804088 753838 653284 874700 577801 452494 381415
10033 412286 953077 904763 401602 440072 962162 912754 876757 431338 872444 955577 518926
10035 941050 314562 803297 613370 619055 624068 749762 665227 971624 376050 996084 811134
10037 887341 950159 439642 625817 894142 537518 330798 576827 471941 633763 282954 464709
10039 680469 273214 474628 872459 571446 449107 833164 645815 919400 980154 431995 972109
10041 528266 464910 456042 988685 379450 361936 764759 427122 467326 376835 865967 884126
10043 879118 968491 361396 994254 744864 711530 527277 684524 458517 824379 291625 662209
10045 696961 755840 484894 795633 463578 443169 385298 461497 805597 279553 636859 425384
10047 337368 424301 972188 258664 873864 779943 552925 503502 263346 620522 753544 806441
10049 949457 928889 834006 552486 500633 741460 378217 635811 333550 738364 272439 469870
10051 349498 422680 954327 651010 586261 742915 587424 851457 993213 866452 647481 628153
10053 883461 586163 361928 646913 662744 719338 269147 739893 717794 565182 531654 376529
10055 750745 510580 608100 684931 832767 757147 617210 830964 900925 636904 890681 602531
10057 461081 250174 918020 986482 763839 764604 891981 540631 850856 549102 419788 424169
10059 961516 343362 923538 397420 472657 533102 446172 810569 703392 906749 662564 600234
10061 352242 272567 333661 602182 438599 280548 998199 669364 505923 602024 552247 728725
10063 250497 288237 953771 944738 915759 833304 864046 920850 420828 683688 399072 630009
10065 709744 371335 897254 424347 966396 348529 328852 288028 267052 881230 319283 581857
10067 441712 782581 615485 979892 750812 467448 450173 331354 330426 856806 396712 400221
10069 646416 491993 681371 620615 892108 613826 590145 647072 306127 418911 516283 466451
10071 332165 778620 684781 580678 538603 361093 901203 591429 828792 431433 594854 380763
10073 936073 371465 295543 549342 421765 740757 714171 507487 405899 389729 522115 847611
10075 503801 552242 507897 490538 790680 654431 311871 682912 740744 374926 969972 412963
10077 830438 867080 484246 906309 888009 822418 595429 928731 448140 970208 677274 973938
10079 564958 334321 702318 407000 727664 452006 482818 409826 930325 381352 828006 881809
10081 609625 519905 459947 948474 919473 573556 426976 922198 500238 485837 551405 327649
10083 284248 513618 330761 979353 672518 561584 267470 675606 579795 483901 677754 255226
10085 474594 471333 691487 674640 315663 493121 533759 431876 492534 647498 962943 848727
10087 665307 394668 567947 536218 726559 608818 849507 521639 866255 562979 728668 376326
10089 549276 947045 506506 359425 372734 723890 961722 367681 474630 560595 597859 441821
10091 716608 569204 769927 853046 913211 575298 903428 404827 850473 742270 601680 941181
10093 757641 477243 867526 799644 965370 542349 639787 728951 336026 300114 636866 368620
10095 583519 392635 845832 695850 584778 981667 638542 990944 396106 429102 549924 765881
10097 702792 827113 756810 536626 270582 796724 906316 278456 843064 898732 270298 421592
10099 377423 265269 820971 319576 313620 968130 500821 644988 416375 772811 398499 928473
10101 566325 501382 677011 993015 889971 997566 382993 458010 990340 610371 632089 275246
10103 533650 843466 411292 414639 608589 473340 831105 745011 409940 775754 718100 435061
10105 772423 978524 699030 913707 894450 889627 699476 305622 954412 338636 724566 337219
10107 488949 662434 825703 612103 446896 719201 693306 263531 591667 456798 524602 657542
10109 420677 618460 372613 339338 904023 461527 403656 784373 772808 372207 655687 409014
10111 443893 753919 843903 401675 409384 419407 306533 845694 333710 398320 997458 924506
10113 351925 337866 461455 658903 955215 559688 689903 711616 946690 976188 963192 678943
10115 950434 770844 735771 573064 705626 358410 480720 398345 526986 637798 585817 286459
10117 415330 436808 437311 625674 346010 881497 769675 931199 406267 593656 317804 802115
10119 678135 268411 680010 681134 476688 527309 704303 387210 411680 566462 253404 281119
10121 684099 735205 489861 274713 400083 545555 765186 424006 800784 537661 746623 672776
10123 934408 729382 600538 314451 958612 552894 803916 935212 418328 752486 423940 452559
10125 691706 297595 957780 636960 859428 475659 482951 881058 263441 863286 759482 549859
10127 689948 970717 614343 483614 519705 737282 669514 276807 940044 607968 486342 591705
10129 304934 488713 269500 499917 850112 609649 670214 309126 787676 310808 749951 351243
10131 469431 792716 397555 765383 575410 718569 474402 960492 308202 463337 813023 271837
10133 839899 788003 401841 904060 264621 460310 687973 776536 782177 533676 759497 278975
10135 683055 311386 947713 802454 257627 624992 395294 479786 804768 978922 675726 618338
10137 953934 649032 956011 871410 378078 263647 558112 539126 420565 398738 585215 848826
10139 260383 851104 576216 694900 280344 469726 393541 695640 962996 396786 302773 848765
10141 590147 753917 587238 274942 820286 817680 597291 303952 696307 899709 817672 454723
10143 610995 554171 587802 461067 571984 864537 873513 923651 673600 399130 774949 921887
10145 998142 258813 326550 438361 330132 399318 407483 287358 297830 514413 687708 920061
10147 679455 253329 408245 777671 541152 739800 511444 543880 554889 381860 650633 521831
10149 661967 609440 895325 929020 564912 291677 604428 356352 821808 793548 300193 446938
10151 363603 262613 889376 789210 763745 421689 401717 767534 829171 384925 540916 862745
10153 508070 458477 527555 870149 776766 783963 636912 940904 933596 386289 845449 432770
10155 327221 788630 643078 802839 361371 841983 312184 588675 676720 627746 967700 990153
10157 675309 630631 723396 274876 256462 949335 459576 827052 386320 405656 896260 604606
10159 729109 599513 970917 675156 948778 270614 700760 332250 774919 504570 805251 885308
10161 862255 858031 374819 976396 971525 325631 362470 716228 900594 858844 991856 365669
10163 807436 429332 523629 898355 310553 989780 658263 637494 722744 589004 470097 898805
10165 361376 894715 516973 679403 855829 960545 354582 607977 647614 620745 867641 880749
10167 299105 565117 920882 874634 799546 499700 791310 771872 706972 422395 615387 338322
10169 751999 436955 915839 623726 398279 572146 505237 911699 578834 836720 886095 456711
10171 591381 570864 750408 421339 496314 302920 595763 617864 306875 771210 971194 577891
10173 832772 404579 936200 340209 751047 646478 688382 913274 605768 534191 834608 865714
10175 385848 452068 580045 410739 702094 479240 373726 625306 641042 587516 764792 971028
10177 830602 494291 818119 835447 751760 415635 902433 651577 474630 300977 308364 371293
10179 514028 676781 593694 737092 700000 292253 490102 818757 535089 776417 481850 990905
10181 950952 524974 511906 654172 960050 513581 794604 960089 875913 517937 797036 690052
10183 419891 551617 628216 378219 280672 300378 925369 770257 503577 837732 255296 658292
10185 580591 774550 378000 496219 820268 639686 467270 510260 797019 378280 275584 667863
10187 272258 501675 835879 613137 799574 321056 821474 347528 865897 603254 779672 466181
10189 494788 574780 724268 890015 493403 366732 849327 527032 577112 330843 792856 770870
10191 571604 279904 898290 600470 795304 659209 932453 489556 511987 555481 566876 359901
10193 846373 994687 684525 879424 364292 992497 746137 338518 761827 739279 824651 255143
10195 787816 636427 917237 975511 510596 673247 316029 704419 511065 883587 834102 261074
10197 282723 396972 426997 253547 667564 602037 699389 266219 941820 557618 254837 778937
10199 396113 443880 550655 960160 554580 257432 601618 559475 926637 704052 479443 848655
10201 416447 404390 982025 397836 993549 682566 407278 476416 950618 282225 880461 610016